-1,1,1,-1,-1,1,1,1,-1,-1,-1,1,1,-1,-1,-1,1,1,1,-1,-1,-1,-1,1,-1,100
-1,1,1,-1,-1,-1,1,-1,1,1,1,1,-1,-1,-1,-1,1,1,1,-1,-1,-1,-1,1,-1,100
-1,1,-1,1,1,1,1,1,-1,-1,-1,-1,-1,-1,-1,-1,1,1,-1,1,-1,-1,-1,1,-1,100
-1,1,-1,1,1,1,-1,-1,1,1,1,1,1,-1,-1,-1,1,1,1,1,-1,-1,-1,1,-1,100
-1,1,1,-1,-1,1,-1,1,-1,-1,1,-1,-1,-1,-1,-1,1,1,1,-1,-1,-1,-1,1,-1,100
-1,1,1,-1,1,1,-1,1,-1,-1,1,1,1,-1,-1,1,-1,-1,-1,1,-1,-1,1,-1,-1,100
-1,1,-1,1,1,1,-1,1,-1,-1,-1,1,-1,-1,-1,-1,1,1,1,-1,-1,-1,1,1,-1,100
-1,1,1,-1,-1,1,-1,1,-1,-1,-1,1,-1,-1,-1,-1,1,1,1,1,-1,-1,-1,1,-1,100
-1,1,-1,1,1,-1,-1,-1,1,1,1,-1,1,-1,-1,-1,1,1,1,-1,-1,-1,-1,1,-1,100
-1,1,1,-1,-1,-1,1,-1,1,1,1,1,1,-1,-1,-1,1,1,1,1,-1,-1,-1,-1,1,100
-1,1,1,-1,1,1,-1,1,-1,-1,1,-1,1,-1,-1,-1,1,1,1,1,-1,-1,-1,1,-1,100
-1,1,1,-1,-1,-1,-1,1,-1,-1,-1,1,-1,-1,-1,1,-1,-1,-1,-1,-1,-1,-1,1,-1,100
-1,1,1,-1,-1,-1,-1,-1,1,1,1,1,-1,-1,-1,-1,1,1,1,-1,-1,-1,-1,-1,1,100
-1,1,-1,1,-1,1,1,-1,1,1,1,1,-1,-1,-1,-1,1,-1,1,1,-1,-1,-1,-1,1,100
-1,1,1,1,-1,1,-1,1,-1,1,-1,-1,-1,-1,-1,-1,1,1,-1,-1,-1,-1,-1,1,-1,100
-1,1,1,1,-1,-1,1,1,-1,1,1,-1,-1,-1,-1,-1,1,1,1,1,-1,-1,1,-1,-1,100
-1,1,1,-1,1,1,-1,1,-1,-1,1,1,1,-1,-1,-1,1,1,-1,1,-1,-1,1,-1,-1,100
-1,1,1,-1,-1,1,1,1,-1,-1,-1,1,1,-1,-1,-1,1,1,1,-1,-1,-1,-1,1,1,100
-1,1,1,1,-1,-1,1,1,-1,-1,1,1,-1,-1,-1,1,-1,-1,-1,1,-1,-1,-1,1,1,100
-1,1,1,-1,-1,1,1,1,-1,-1,1,1,-1,-1,-1,-1,1,1,1,1,-1,-1,-1,1,1,100
-1,1,1,-1,1,1,-1,1,-1,-1,-1,1,-1,-1,-1,1,-1,-1,-1,1,-1,-1,-1,1,-1,100
-1,1,1,-1,-1,1,1,1,-1,-1,1,-1,1,-1,-1,-1,1,1,1,1,-1,-1,1,-1,-1,100
-1,1,-1,1,1,1,-1,1,-1,-1,1,-1,-1,-1,-1,-1,1,-1,1,-1,-1,-1,-1,1,-1,100
-1,1,1,-1,-1,1,1,1,-1,-1,-1,-1,1,-1,-1,1,-1,-1,-1,1,-1,-1,1,-1,1,100
-1,1,1,-1,-1,-1,-1,1,-1,-1,-1,1,-1,-1,-1,1,-1,-1,1,1,-1,-1,-1,1,-1,100
-1,1,1,-1,-1,1,-1,-1,1,1,1,1,-1,-1,-1,1,-1,-1,-1,-1,-1,-1,-1,1,-1,100
-1,1,1,-1,-1,1,-1,1,-1,-1,-1,1,-1,-1,-1,1,-1,-1,-1,-1,-1,-1,1,-1,-1,100
-1,1,1,-1,1,-1,-1,1,-1,-1,-1,1,1,-1,-1,-1,1,1,1,1,-1,-1,-1,1,-1,100
-1,1,1,-1,1,-1,-1,1,-1,-1,-1,1,-1,-1,-1,-1,1,1,1,-1,-1,-1,-1,1,-1,100
-1,1,-1,1,1,1,1,1,-1,-1,-1,-1,-1,-1,-1,1,-1,-1,-1,-1,-1,-1,-1,1,-1,100
-1,1,1,-1,-1,-1,-1,-1,1,1,1,1,1,-1,-1,1,-1,-1,-1,-1,-1,-1,-1,1,-1,100
-1,1,1,-1,1,1,-1,1,-1,-1,-1,1,-1,-1,-1,-1,1,1,1,1,-1,-1,1,-1,-1,100
-1,1,1,-1,1,-1,-1,1,-1,1,-1,-1,1,-1,-1,-1,1,1,1,1,-1,-1,-1,-1,1,100
-1,1,1,-1,1,1,1,1,-1,1,-1,1,-1,-1,-1,-1,1,1,1,-1,-1,-1,-1,1,-1,100
-1,1,1,-1,-1,-1,1,-1,1,1,1,1,1,-1,-1,-1,1,1,1,1,-1,-1,-1,-1,1,100
-1,1,1,-1,-1,1,-1,1,-1,-1,-1,-1,-1,-1,-1,-1,1,1,-1,-1,-1,-1,-1,1,-1,100
-1,1,1,-1,1,1,1,1,-1,-1,-1,1,1,-1,-1,-1,1,1,-1,1,-1,-1,-1,1,-1,100
-1,1,1,-1,-1,-1,1,-1,1,1,1,1,1,-1,-1,-1,1,1,1,1,-1,-1,-1,-1,1,100
-1,1,-1,1,1,-1,-1,-1,1,1,1,1,-1,-1,-1,-1,1,1,-1,1,-1,-1,-1,1,-1,100
-1,1,1,-1,-1,1,1,1,-1,-1,-1,1,-1,-1,-1,-1,1,1,1,1,-1,-1,-1,1,-1,100
-1,1,1,-1,-1,1,-1,1,-1,-1,-1,1,1,-1,-1,-1,1,1,-1,1,-1,-1,-1,1,1,100
-1,1,-1,1,1,-1,1,-1,1,-1,1,1,1,-1,-1,-1,1,1,-1,1,-1,-1,-1,1,1,100
-1,1,-1,1,1,-1,-1,1,-1,-1,-1,-1,-1,-1,-1,-1,1,1,-1,1,-1,-1,-1,1,-1,100
-1,1,1,-1,-1,1,-1,1,-1,-1,-1,1,1,-1,-1,1,-1,-1,-1,-1,-1,-1,1,1,-1,100
-1,1,1,-1,-1,1,1,1,-1,-1,1,1,-1,-1,-1,1,-1,-1,1,1,-1,-1,1,-1,-1,100
-1,1,1,-1,-1,-1,-1,-1,1,1,1,1,-1,-1,-1,-1,1,1,1,-1,-1,-1,-1,1,1,100
-1,1,1,-1,-1,1,1,1,-1,-1,1,1,-1,-1,-1,1,-1,-1,-1,-1,-1,-1,-1,1,-1,100
-1,1,-1,1,1,1,-1,1,-1,-1,-1,-1,-1,-1,-1,-1,1,1,1,-1,-1,-1,-1,1,-1,100
-1,1,1,-1,1,-1,1,1,-1,-1,1,-1,1,-1,-1,-1,1,1,1,1,-1,-1,-1,1,-1,100
-1,1,1,-1,-1,1,-1,1,-1,-1,-1,-1,1,-1,-1,-1,1,1,1,-1,-1,-1,-1,1,-1,100
1,-1,-1,-1,1,1,-1,1,-1,-1,-1,-1,-1,-1,1,-1,1,1,1,1,-1,1,1,1,-1,010
1,-1,-1,-1,-1,-1,-1,1,-1,-1,-1,-1,-1,-1,1,-1,1,1,-1,1,-1,1,1,1,1,010
1,-1,-1,-1,1,-1,1,-1,1,1,1,1,1,-1,1,1,-1,-1,-1,1,-1,1,1,1,1,010
-1,1,1,-1,1,1,1,-1,1,-1,1,1,1,-1,1,-1,1,-1,-1,-1,-1,1,1,-1,1,010
1,-1,-1,-1,-1,-1,1,-1,1,1,1,-1,-1,-1,1,-1,1,1,1,-1,-1,1,1,1,1,010
-1,1,1,1,-1,-1,1,-1,1,1,1,-1,-1,-1,1,-1,1,1,-1,1,-1,1,1,-1,1,010
-1,1,1,1,1,1,1,1,-1,-1,-1,-1,1,-1,1,-1,1,1,1,1,1,-1,-1,-1,-1,010
-1,1,1,-1,-1,-1,1,-1,1,1,-1,-1,-1,-1,1,-1,-1,-1,-1,1,-1,1,-1,1,-1,010
1,-1,-1,-1,-1,1,-1,-1,1,1,1,-1,1,-1,1,-1,1,1,1,-1,-1,1,1,-1,1,010
-1,1,1,-1,1,-1,-1,-1,1,1,-1,1,1,-1,1,-1,-1,1,1,1,-1,1,1,1,-1,010
-1,1,1,-1,-1,1,-1,-1,1,-1,1,-1,-1,-1,1,-1,-1,-1,1,1,-1,1,-1,1,-1,010
-1,1,1,1,-1,1,1,-1,1,1,1,1,-1,-1,1,-1,1,-1,1,-1,-1,1,1,1,1,010
-1,1,1,1,1,-1,-1,-1,1,-1,1,1,-1,-1,1,-1,1,-1,-1,-1,-1,1,-1,1,-1,010
-1,1,1,1,1,-1,1,-1,1,1,1,-1,1,-1,1,-1,1,1,1,1,-1,1,1,1,-1,010
-1,1,1,1,-1,-1,-1,-1,1,1,1,-1,1,-1,1,-1,-1,1,-1,-1,-1,1,1,-1,1,010
1,-1,-1,-1,-1,1,1,-1,1,1,1,1,1,-1,1,-1,1,1,-1,-1,-1,1,1,1,-1,010
-1,1,1,1,-1,-1,-1,-1,1,1,1,1,-1,-1,1,-1,1,1,-1,1,-1,1,1,1,1,010
-1,1,1,1,-1,1,-1,-1,1,1,-1,1,1,-1,1,-1,1,-1,-1,1,-1,1,-1,1,-1,010
-1,1,1,1,1,1,-1,-1,1,-1,1,1,-1,-1,1,-1,1,1,-1,1,-1,1,1,1,1,010
-1,1,1,1,-1,-1,-1,-1,1,1,-1,-1,1,-1,1,-1,-1,1,1,1,-1,1,-1,1,1,010
-1,1,1,1,-1,1,1,1,-1,-1,-1,-1,-1,-1,1,1,-1,-1,-1,-1,1,-1,-1,1,-1,010
-1,1,1,1,1,-1,1,-1,1,1,1,-1,-1,-1,1,-1,1,-1,-1,-1,-1,1,1,-1,1,010
-1,1,1,1,1,1,1,-1,1,1,-1,-1,1,-1,1,1,-1,-1,-1,1,-1,1,1,1,1,010
-1,1,1,1,1,-1,1,-1,1,1,1,-1,-1,-1,1,-1,1,1,1,1,-1,1,1,-1,-1,010
1,-1,-1,-1,-1,-1,-1,-1,1,1,1,-1,1,-1,1,-1,1,-1,1,1,-1,1,1,-1,1,010
1,-1,-1,-1,-1,1,-1,-1,1,1,1,1,-1,-1,1,-1,1,1,-1,-1,-1,1,1,1,-1,010
1,-1,-1,-1,1,-1,-1,-1,1,1,1,-1,-1,-1,1,1,-1,-1,-1,-1,-1,1,1,1,-1,010
1,-1,-1,-1,-1,1,1,-1,1,1,1,1,-1,-1,1,1,-1,-1,1,-1,1,-1,-1,-1,1,010
-1,1,1,1,1,-1,-1,-1,1,1,1,-1,1,-1,1,-1,1,1,-1,1,-1,1,1,1,1,010
-1,1,1,1,-1,-1,1,-1,1,1,-1,1,-1,-1,1,-1,-1,-1,1,1,-1,1,-1,1,-1,010
-1,1,1,-1,1,1,1,-1,1,1,-1,-1,-1,-1,1,-1,-1,1,1,-1,-1,1,-1,1,1,010
-1,1,1,-1,1,1,1,-1,1,1,-1,-1,-1,-1,1,-1,-1,1,-1,1,-1,1,-1,1,-1,010
-1,1,1,1,-1,1,-1,-1,1,1,-1,1,1,-1,1,-1,-1,1,1,1,-1,1,1,-1,-1,010
-1,1,1,1,1,-1,-1,-1,1,1,-1,1,1,-1,1,1,-1,-1,1,1,1,-1,-1,-1,-1,010
-1,1,1,-1,1,1,-1,-1,1,1,1,1,-1,-1,1,-1,1,1,-1,1,-1,1,1,1,1,010
-1,1,1,1,1,-1,-1,1,-1,-1,-1,1,-1,-1,1,-1,1,1,-1,1,1,-1,-1,-1,-1,010
1,-1,-1,-1,-1,1,1,-1,1,1,1,1,1,-1,1,-1,1,1,1,1,-1,1,1,1,1,010
-1,1,1,1,1,1,1,-1,1,-1,1,1,1,-1,1,-1,1,1,-1,-1,-1,1,1,-1,1,010
-1,1,1,1,-1,-1,-1,-1,1,1,1,1,-1,-1,1,-1,1,-1,-1,1,-1,1,1,-1,1,010
-1,1,1,-1,1,1,1,-1,1,1,-1,-1,1,-1,1,-1,1,-1,-1,-1,-1,1,1,-1,1,010
-1,1,1,-1,1,1,1,-1,1,1,-1,1,-1,-1,1,-1,1,1,-1,-1,-1,1,1,-1,-1,010
-1,1,1,1,1,-1,1,-1,1,1,1,1,-1,-1,1,-1,1,1,1,-1,-1,1,1,1,-1,010
-1,1,1,1,-1,1,-1,-1,1,1,-1,1,-1,-1,1,-1,1,-1,-1,-1,-1,1,1,-1,-1,010
-1,1,1,-1,-1,1,-1,-1,1,-1,1,1,1,-1,1,-1,-1,-1,-1,1,-1,1,-1,1,-1,010
-1,1,1,1,-1,-1,-1,-1,1,1,-1,1,1,-1,1,-1,1,-1,1,-1,-1,1,1,-1,1,010
-1,1,1,1,-1,-1,1,-1,1,1,1,1,-1,-1,1,-1,1,-1,1,-1,-1,1,1,-1,-1,010
-1,1,1,1,-1,-1,1,-1,1,1,1,-1,1,-1,1,-1,1,-1,1,-1,-1,1,1,-1,1,010
-1,1,1,1,1,1,-1,-1,1,1,1,-1,1,-1,1,-1,1,-1,1,1,-1,1,1,-1,1,010
-1,1,1,-1,-1,1,1,-1,1,1,-1,-1,1,-1,-1,1,1,1,1,-1,-1,1,-1,1,1,010
-1,1,1,1,-1,-1,1,-1,1,1,1,-1,-1,-1,1,-1,1,-1,-1,1,-1,1,1,-1,1,010
-1,1,1,1,1,1,1,1,-1,-1,-1,-1,1,-1,1,1,1,1,-1,-1,1,1,-1,-1,1,001
-1,1,1,1,-1,1,-1,-1,1,1,-1,1,1,-1,1,1,-1,-1,1,1,1,-1,-1,1,1,001
1,-1,-1,-1,1,1,1,-1,1,1,1,1,-1,-1,1,1,1,-1,1,1,1,-1,1,-1,1,001
-1,1,1,1,1,1,1,-1,1,1,1,-1,1,-1,1,1,1,-1,-1,-1,1,-1,-1,1,-1,001
1,-1,-1,-1,-1,-1,1,-1,1,1,1,1,-1,-1,1,1,1,-1,1,-1,1,-1,1,1,-1,001
1,-1,-1,1,1,-1,-1,-1,1,1,1,1,-1,1,-1,-1,-1,-1,1,-1,1,-1,1,-1,1,001
-1,1,1,-1,-1,-1,1,-1,1,1,-1,-1,1,-1,1,-1,1,1,-1,1,1,-1,-1,-1,1,001
1,-1,-1,1,-1,-1,1,-1,1,1,1,-1,1,-1,1,1,1,1,1,1,1,-1,-1,1,-1,001
1,-1,-1,-1,-1,1,1,-1,1,1,-1,-1,1,-1,1,1,1,-1,1,-1,1,-1,-1,1,-1,001
1,-1,-1,1,-1,-1,-1,1,-1,-1,1,-1,-1,-1,1,1,1,1,-1,1,1,1,-1,-1,1,001
1,-1,-1,-1,-1,-1,1,1,-1,-1,-1,-1,-1,-1,1,1,-1,-1,1,1,1,-1,1,-1,-1,001
1,-1,-1,-1,-1,-1,-1,-1,1,1,-1,1,1,-1,1,1,-1,1,-1,1,1,-1,-1,1,1,001
1,-1,-1,-1,1,-1,-1,-1,1,1,1,1,-1,-1,1,1,-1,1,1,1,1,-1,1,-1,1,001
-1,1,1,1,-1,-1,1,-1,1,1,-1,-1,1,-1,1,1,-1,-1,1,-1,1,-1,1,-1,-1,001
-1,1,1,1,-1,1,-1,-1,1,1,1,-1,-1,-1,1,1,-1,-1,1,1,1,1,-1,-1,-1,001
1,-1,-1,-1,-1,-1,-1,1,-1,-1,-1,-1,-1,-1,1,1,-1,1,-1,1,1,-1,1,1,1,001
1,-1,-1,-1,-1,-1,1,-1,1,1,1,1,-1,-1,1,1,-1,1,1,1,1,-1,-1,1,-1,001
1,-1,-1,1,1,-1,1,1,-1,-1,1,1,-1,1,-1,-1,-1,-1,1,1,1,-1,1,1,-1,001
1,-1,-1,1,1,-1,1,-1,1,1,-1,1,-1,1,-1,-1,-1,1,-1,1,1,-1,1,1,1,001
-1,1,1,1,1,-1,-1,-1,1,-1,1,1,-1,-1,1,1,-1,-1,1,-1,-1,1,1,1,1,001
1,-1,-1,-1,1,-1,1,1,-1,-1,-1,-1,-1,-1,1,1,1,-1,-1,1,1,-1,1,1,1,001
-1,1,1,1,-1,-1,-1,-1,1,1,1,-1,-1,-1,1,1,-1,-1,-1,1,1,-1,1,-1,-1,001
1,-1,-1,1,1,-1,1,-1,1,1,1,-1,-1,1,-1,-1,-1,-1,1,1,1,-1,1,-1,-1,001
-1,1,1,1,1,1,1,-1,1,1,-1,1,1,-1,1,1,-1,-1,-1,1,1,-1,-1,1,-1,001
1,-1,-1,-1,-1,1,1,1,-1,-1,-1,-1,1,-1,1,1,1,-1,-1,1,1,-1,1,-1,1,001
1,-1,-1,1,-1,-1,-1,1,-1,-1,-1,-1,-1,-1,1,1,1,1,-1,-1,1,-1,-1,1,-1,001
-1,1,1,1,1,1,-1,-1,1,1,1,-1,-1,-1,1,1,-1,-1,-1,-1,1,-1,-1,1,-1,001
-1,1,1,1,1,-1,1,-1,1,1,1,1,-1,-1,1,1,-1,-1,-1,1,1,-1,-1,1,-1,001
1,-1,-1,-1,-1,-1,-1,-1,1,1,1,-1,-1,-1,1,1,1,-1,-1,-1,1,-1,1,-1,1,001
1,-1,-1,1,-1,-1,-1,-1,1,1,1,1,-1,-1,1,1,1,-1,1,-1,1,-1,-1,-1,-1,001
1,-1,-1,1,-1,1,-1,-1,1,1,1,-1,-1,-1,1,1,1,1,-1,1,1,-1,-1,1,1,001
1,-1,-1,1,1,1,1,1,-1,-1,1,1,-1,1,-1,-1,-1,-1,-1,-1,1,-1,1,-1,-1,001
1,-1,-1,-1,-1,-1,-1,-1,1,1,1,-1,-1,-1,1,1,1,-1,-1,-1,1,-1,1,1,-1,001
-1,1,1,1,1,1,1,-1,1,1,1,-1,-1,-1,1,1,-1,-1,1,1,-1,1,1,1,1,001
-1,1,1,1,1,-1,1,-1,1,1,-1,1,-1,-1,1,1,1,-1,-1,-1,-1,1,1,1,-1,001
1,-1,-1,1,1,-1,1,-1,1,1,1,1,-1,-1,1,1,1,1,-1,1,1,-1,1,1,1,001
-1,1,1,1,1,1,1,1,-1,-1,-1,1,-1,-1,1,1,1,-1,-1,-1,1,1,-1,-1,-1,001
1,-1,-1,-1,-1,-1,-1,-1,1,1,1,1,1,-1,1,1,-1,1,1,1,1,-1,-1,1,-1,001
-1,1,1,1,1,-1,-1,-1,1,1,1,1,-1,-1,1,1,-1,-1,-1,-1,1,-1,-1,1,-1,001
1,-1,-1,-1,1,-1,1,-1,1,1,1,1,1,-1,1,1,-1,1,1,-1,1,-1,1,-1,1,001
1,-1,-1,-1,-1,1,1,-1,1,1,1,1,1,-1,1,1,1,-1,-1,-1,1,1,-1,-1,-1,001
1,-1,-1,-1,1,-1,1,-1,1,1,1,1,1,-1,1,1,-1,-1,1,1,1,-1,1,1,1,001
-1,1,1,1,-1,1,-1,-1,1,1,-1,1,1,-1,1,1,-1,-1,1,1,1,-1,-1,1,1,001
1,-1,-1,-1,1,-1,-1,1,-1,-1,-1,-1,-1,-1,1,1,1,-1,1,1,1,-1,1,1,1,001
1,-1,-1,-1,-1,1,1,1,-1,-1,-1,-1,1,-1,1,1,1,-1,-1,1,1,1,-1,-1,1,001
1,-1,-1,-1,-1,1,1,-1,1,1,1,1,-1,-1,1,1,-1,1,-1,-1,1,-1,1,1,1,001
-1,1,1,1,1,1,1,-1,1,1,-1,-1,1,-1,1,1,-1,-1,1,-1,1,-1,-1,1,1,001
1,-1,-1,-1,-1,-1,1,-1,1,1,1,1,-1,-1,1,1,-1,1,-1,-1,1,-1,1,-1,-1,001
-1,1,1,1,1,1,-1,1,-1,-1,-1,1,-1,-1,1,1,-1,1,1,-1,1,-1,1,1,1,001
-1,1,1,1,-1,1,1,-1,1,1,1,1,-1,-1,1,1,-1,-1,1,1,1,-1,-1,1,-1,001